     0/299     1.02G   0.02942  0.008999    0.1153    0.1537        24       640  0.009601   0.08767  0.003158  0.002191   0.04918    0.1242    0.1214
     1/299     7.99G   0.01919  0.007148    0.1055    0.1318        22       640   0.06723   0.08539   0.01553   0.01088    0.0493    0.1532    0.1258
     2/299     10.2G   0.02034  0.007257   0.08349    0.1111        18       640   0.06627   0.07676   0.01907   0.01264   0.06821    0.1642    0.1408
     3/299     10.2G   0.02043  0.007089   0.06137   0.08888        18       640    0.1473    0.1148   0.04236   0.02817   0.05607    0.1924    0.1438
     4/299     10.2G   0.02015  0.006489   0.04215   0.06879        12       640    0.1876      0.14   0.07687   0.05074   0.05456    0.1844    0.1298
     5/299     10.2G   0.02022  0.005995   0.03169   0.05791        23       640    0.2002    0.1379   0.08177   0.05377   0.05661    0.1899    0.1307
     6/299     10.2G    0.0205  0.005537   0.02525   0.05129        15       640    0.2305     0.153   0.09948   0.06515   0.05391    0.1916    0.1352
     7/299     10.2G   0.02036  0.005303   0.02139   0.04706        17       640    0.2218    0.1537   0.09741   0.06332   0.05576    0.2009    0.1331
     8/299     10.2G   0.02027  0.005095   0.01928   0.04465        26       640    0.2719    0.1802    0.1286   0.08441   0.05249    0.1994    0.1262
     9/299     10.2G   0.02048  0.004904   0.01807   0.04345        20       640    0.2871    0.1781    0.1293   0.08452   0.05391    0.1958    0.1248
    10/299     10.2G   0.02104  0.004808   0.01829   0.04413        24       640    0.2775    0.1763    0.1298   0.08553   0.05492    0.2051    0.1259
    11/299     10.2G   0.02108  0.004711   0.01775   0.04354        17       640    0.2854    0.1727    0.1267   0.08141   0.05476    0.1995    0.1196
    12/299     10.2G   0.02089  0.004616   0.01671   0.04221        15       640    0.3046    0.1832    0.1402   0.09239   0.05434    0.2031    0.1214
    13/299     10.2G   0.02109  0.004592   0.01779   0.04347        18       640    0.3241    0.1919    0.1506    0.0969   0.05391    0.1956    0.1182
    14/299     10.2G    0.0207  0.004492   0.01608   0.04128        16       640    0.3672     0.193    0.1622    0.1054   0.05259    0.1914    0.1169
    15/299     10.2G   0.02065  0.004388   0.01464   0.03968        20       640    0.3625    0.1958    0.1622    0.1044   0.05346    0.1942     0.115
    16/299     10.2G   0.02032  0.004346   0.01449   0.03916        19       640    0.3772    0.1943    0.1656    0.1065   0.05333    0.1939    0.1138
    17/299     10.2G   0.02019  0.004345   0.01449   0.03902        18       640    0.3761    0.2012    0.1694    0.1085   0.05297    0.1934    0.1127
    18/299     10.2G   0.02014   0.00423    0.0138   0.03817        14       640    0.3759     0.206    0.1748    0.1119   0.05249    0.1914     0.112
    19/299     10.2G   0.02033  0.004218   0.01344   0.03798        24       640    0.3739    0.2084    0.1764    0.1133   0.05244     0.191    0.1115
    20/299     10.2G   0.02034  0.004222   0.01388   0.03844        17       640    0.3944    0.1985    0.1745    0.1122   0.05267    0.1922     0.112
    21/299     10.2G   0.01987  0.004171   0.01306   0.03711        24       640    0.3622    0.2105    0.1753    0.1127   0.05269    0.1929    0.1118
    22/299     10.2G   0.01962  0.004084   0.01223   0.03594        19       640    0.3666    0.2125    0.1785    0.1147   0.05263     0.192    0.1104
    23/299     10.2G   0.01957  0.004061   0.01171   0.03535        30       640    0.3672    0.2126    0.1793    0.1154    0.0526    0.1921    0.1099
    24/299     10.2G   0.01971  0.004098   0.01296   0.03677        19       640    0.3741    0.2095    0.1792    0.1152   0.05269    0.1925    0.1097
    25/299     10.2G   0.01983  0.004076   0.01306   0.03697        19       640    0.3845    0.2048     0.179    0.1153   0.05285    0.1933    0.1093
    26/299     10.2G   0.01969  0.004008   0.01227   0.03596        19       640    0.3866    0.2046    0.1793    0.1155   0.05292    0.1938    0.1089
    27/299     10.2G   0.01927  0.003965   0.01143   0.03466        23       640    0.3964    0.2025    0.1796    0.1156   0.05308    0.1944    0.1084
    28/299     10.2G   0.01958  0.003992   0.01253    0.0361        23       640     0.376     0.212    0.1804    0.1163   0.05306    0.1949    0.1079
    29/299     10.2G   0.01914   0.00394   0.01118   0.03426        18       640    0.3826     0.209    0.1802    0.1162   0.05319    0.1956    0.1076
    30/299     10.2G   0.01937  0.003909   0.01155   0.03483        19       640    0.3863    0.2082    0.1801    0.1162   0.05329    0.1964    0.1074
    31/299     10.2G   0.01933  0.003958   0.01179   0.03507        16       640     0.392    0.2066    0.1807    0.1167    0.0533     0.197    0.1074
    32/299     10.2G   0.01929   0.00384   0.01107    0.0342        18       640    0.3823    0.2102    0.1802    0.1163   0.05345    0.1982    0.1075
    33/299     10.2G   0.01895  0.003856   0.01085   0.03366        18       640    0.3771    0.2125    0.1798    0.1161   0.05353    0.1992    0.1074
    34/299     10.2G   0.01921  0.003839   0.01104   0.03409        22       640    0.3795    0.2111    0.1791    0.1156   0.05365    0.2001    0.1075
    35/299     10.2G     0.019   0.00387   0.01114   0.03402        19       640    0.3844    0.2084     0.179    0.1154   0.05377    0.2005     0.107
    36/299     10.2G   0.01889  0.003844   0.01086    0.0336        16       640    0.3897    0.2049    0.1781    0.1148   0.05391    0.2015    0.1068
    37/299     10.2G   0.01881  0.003823   0.01063   0.03327        17       640    0.3963    0.2022    0.1773    0.1142   0.05403    0.2026    0.1065
    38/299     10.2G   0.01883   0.00385    0.0113   0.03399        23       640    0.3924     0.202    0.1762    0.1133   0.05425    0.2037    0.1063
    39/299     10.2G   0.01916  0.003837   0.01151   0.03451        21       640    0.3986    0.2005    0.1767    0.1134   0.05433    0.2043    0.1057
    40/299     10.2G   0.01874  0.003763   0.01033   0.03283        17       640    0.3898    0.2043    0.1776    0.1138   0.05428    0.2045    0.1053
    41/299     10.2G   0.01868  0.003823   0.01114   0.03365        30       640    0.3961    0.2039     0.179    0.1143   0.05421    0.2045    0.1052
    42/299     10.2G   0.01899  0.003776    0.0109   0.03367        12       640    0.3923    0.2049    0.1788    0.1141   0.05425    0.2049    0.1051
    43/299     10.2G   0.01888  0.003824   0.01157   0.03427        22       640      0.37     0.212    0.1779    0.1134   0.05429    0.2053     0.105
    44/299     10.2G    0.0194  0.003774   0.01159   0.03476        16       640    0.3713    0.2114    0.1779    0.1131   0.05431    0.2059    0.1048
    45/299     10.2G   0.01918  0.003747   0.01144   0.03437        21       640    0.3787    0.2072    0.1763     0.112   0.05445    0.2071    0.1041
    46/299     10.2G   0.01875  0.003668   0.01029   0.03271        21       640    0.3857    0.2044    0.1755    0.1113   0.05454    0.2078    0.1034
    47/299     10.2G   0.01904  0.003772   0.01137   0.03418        27       640    0.3782    0.2081    0.1769    0.1119   0.05449    0.2073    0.1023
    48/299     10.2G   0.01904  0.003756   0.01154   0.03434        16       640    0.3727    0.2094    0.1766    0.1116   0.05457    0.2074     0.102
    49/299     10.2G   0.01931  0.003749   0.01159   0.03465        23       640    0.3848    0.2049     0.176    0.1111   0.05464    0.2075    0.1018
    50/299     10.2G   0.01935  0.003755   0.01164   0.03474        15       640    0.3967    0.2018    0.1768    0.1116   0.05472    0.2073    0.1014
    51/299     10.2G   0.01895  0.003748   0.01144   0.03413        19       640    0.3896    0.2046    0.1776    0.1116   0.05499    0.2067    0.1004
    52/299     10.2G   0.01902   0.00369   0.01119    0.0339        20       640    0.3907    0.2062    0.1787     0.112   0.05507    0.2061   0.09971
    53/299     10.2G   0.01938  0.003822   0.01277   0.03597        21       640    0.3966    0.2068    0.1807    0.1128   0.05502     0.205    0.0992
    54/299     10.2G   0.01924  0.003735   0.01207   0.03505        21       640    0.3894    0.2097    0.1813    0.1128   0.05505    0.2045    0.0985
    55/299     10.2G   0.01885  0.003683   0.01079   0.03332        21       640    0.4094    0.2041    0.1821    0.1128   0.05511    0.2038   0.09767
    56/299     10.2G   0.01882  0.003674   0.01081    0.0333        18       640    0.4175    0.2045    0.1846    0.1141   0.05502    0.2027   0.09675
    57/299     10.2G   0.01907  0.003724   0.01188   0.03467        21       640    0.4147    0.2075     0.187    0.1153   0.05489    0.2015   0.09597
    58/299     10.2G   0.01886  0.003645   0.01081   0.03332        12       640    0.3845    0.2202    0.1893    0.1166   0.05476     0.201   0.09524
    59/299     10.2G   0.01887  0.003644   0.01116   0.03367        11       640    0.4035    0.2139    0.1899    0.1167   0.05476    0.2008   0.09509
    60/299     10.2G   0.01914  0.003788   0.01288   0.03581        16       640    0.3865    0.2233    0.1925    0.1183   0.05456    0.1993   0.09482
    61/299     10.2G   0.01928  0.003682   0.01175   0.03471        17       640    0.3802    0.2252    0.1928    0.1183   0.05454    0.1991   0.09461
    62/299     10.2G   0.01896  0.003679   0.01187   0.03451        13       640    0.3731    0.2278    0.1927    0.1182   0.05451    0.1989   0.09442
    63/299     10.2G   0.01893  0.003604   0.01083   0.03337        16       640    0.3907    0.2221    0.1936    0.1184   0.05447    0.1984   0.09361
    64/299     10.2G    0.0194  0.003657   0.01168   0.03473        19       640    0.4081    0.2176    0.1949    0.1187   0.05439    0.1979   0.09279
    65/299     10.2G   0.01926  0.003699   0.01233   0.03529        17       640    0.4106    0.2163    0.1947    0.1187   0.05441    0.1979   0.09265
    66/299     10.2G   0.01896  0.003603   0.01076   0.03333        18       640    0.4111    0.2153    0.1938     0.118   0.05448    0.1985   0.09255
    67/299     10.2G   0.01866   0.00362   0.01101   0.03329        15       640    0.4248    0.2102    0.1936    0.1174   0.05455    0.1985   0.09208
    68/299     10.2G   0.01917  0.003629   0.01149   0.03429        19       640    0.4081    0.2173    0.1948    0.1179   0.05451    0.1979   0.09163
    69/299     10.2G   0.01914  0.003616   0.01144    0.0342        17       640    0.4116    0.2157    0.1945    0.1176   0.05453    0.1979   0.09174
    70/299     10.2G   0.01878  0.003543   0.01064   0.03296        25       640    0.4119    0.2164    0.1937    0.1169   0.05457     0.198   0.09201
    71/299     10.2G   0.01885  0.003593   0.01112   0.03357        21       640    0.4245    0.2126    0.1938    0.1169   0.05461    0.1983   0.09152
    72/299     10.2G   0.01886  0.003607   0.01159   0.03405        12       640    0.4173    0.2155    0.1943    0.1172   0.05461    0.1986   0.09129
    73/299     10.2G   0.01888  0.003563   0.01085   0.03329        16       640    0.4221    0.2146    0.1947    0.1172    0.0547    0.1985   0.09113
    74/299     10.2G   0.01876  0.003593   0.01138   0.03373        31       640    0.3914    0.2222     0.192    0.1157   0.05501    0.1998   0.09102
    75/299     10.2G   0.01936  0.003609   0.01227   0.03524        11       640    0.4192    0.2105    0.1896     0.114   0.05524    0.2012   0.09103
    76/299     10.2G   0.01898  0.003536   0.01116   0.03367        32       640     0.392    0.2173    0.1881    0.1131    0.0554    0.2019   0.09078
    77/299     10.2G    0.0186   0.00352   0.01048    0.0326        27       640    0.3968    0.2171    0.1893     0.114   0.05532    0.2019   0.09073
    78/299     10.2G    0.0187   0.00357    0.0112   0.03346        11       640    0.4096    0.2126    0.1897    0.1143   0.05539    0.2021   0.09026
    79/299     10.2G   0.01901  0.003568   0.01118   0.03376        22       640    0.4047    0.2133    0.1887    0.1134   0.05551    0.2024   0.08995
    80/299     10.2G   0.01909  0.003541   0.01132   0.03395        13       640    0.4082    0.2116    0.1882     0.113   0.05557    0.2026   0.08997
    81/299     10.2G   0.01897  0.003519   0.01094   0.03343        17       640    0.3949    0.2154    0.1875    0.1126   0.05564    0.2027   0.08988
    82/299     10.2G   0.01889  0.003575   0.01186   0.03433        19       640    0.4024    0.2129    0.1871    0.1122   0.05566    0.2033   0.08967
    83/299     10.2G   0.01894  0.003524   0.01129   0.03375        16       640    0.4005    0.2127    0.1871    0.1123    0.0557    0.2035   0.08962
    84/299     10.2G   0.01926   0.00354    0.0118    0.0346        16       640    0.4008    0.2141    0.1885     0.113   0.05568    0.2035   0.08959
    85/299     10.2G   0.01886  0.003495    0.0109   0.03326        13       640    0.4022     0.216    0.1897    0.1136   0.05561    0.2034   0.08928
    86/299     10.2G   0.01868  0.003587    0.0122   0.03447        14       640    0.3926    0.2197    0.1904    0.1141   0.05557    0.2039   0.08893
    87/299     10.2G   0.01871  0.003509   0.01111   0.03333        17       640    0.3935    0.2195      0.19    0.1138   0.05563    0.2043   0.08888
    88/299     10.2G    0.0189  0.003513   0.01149   0.03391        21       640    0.4018    0.2167    0.1904    0.1141   0.05567    0.2042   0.08881
    89/299     10.2G    0.0192  0.003509   0.01197   0.03468        22       640    0.4056    0.2162    0.1912    0.1146    0.0556    0.2041   0.08887
    90/299     10.2G   0.01875  0.003478   0.01096   0.03318        23       640    0.4211    0.2124     0.192     0.115   0.05553    0.2036   0.08878
    91/299     10.2G    0.0186  0.003499   0.01113   0.03323        21       640    0.4382    0.2087    0.1927    0.1153   0.05551    0.2032    0.0888
    92/299     10.2G   0.01898  0.003464   0.01115   0.03359        22       640     0.427    0.2128    0.1932    0.1156   0.05544    0.2029   0.08858
    93/299     10.2G   0.01889  0.003448   0.01072   0.03305        22       640    0.4233    0.2143    0.1936    0.1157   0.05543    0.2023   0.08867
    94/299     10.2G   0.01893  0.003482   0.01146   0.03388        15       640    0.4297    0.2137    0.1954    0.1169   0.05527    0.2013   0.08874
    95/299     10.2G   0.01891  0.003487   0.01165   0.03405        22       640    0.4254    0.2168     0.197    0.1179   0.05512    0.2008    0.0887
    96/299     10.2G   0.01896  0.003467   0.01134   0.03377        25       640    0.4278    0.2173    0.1987    0.1189   0.05489    0.1999    0.0889
    97/299     10.2G   0.01894  0.003449   0.01136   0.03375        21       640    0.4069    0.2257    0.1999    0.1195   0.05479    0.1992    0.0888
    98/299     10.2G   0.01881  0.003435   0.01128   0.03353        17       640    0.4324    0.2203    0.2017    0.1208   0.05468    0.1985   0.08868
    99/299     10.2G   0.01855  0.003486   0.01122   0.03326        17       640    0.4263    0.2225    0.2022    0.1209   0.05469     0.198   0.08863
   100/299     10.2G   0.01838  0.003422   0.01064   0.03245        12       640    0.4419    0.2184    0.2025    0.1209   0.05464    0.1977   0.08824
   101/299     10.2G    0.0186  0.003455   0.01151   0.03356        19       640    0.4242    0.2221    0.2015    0.1202   0.05471     0.198   0.08813
   102/299     10.2G   0.01866  0.003439   0.01075   0.03285        16       640    0.4274    0.2193    0.1997    0.1189   0.05484    0.1991   0.08781
   103/299     10.2G   0.01847   0.00338   0.01036   0.03221        20       640    0.4199    0.2176    0.1965    0.1171   0.05507    0.2013   0.08783
   104/299     10.2G   0.01845  0.003371   0.01038    0.0322        32       640    0.4119    0.2195    0.1952    0.1162   0.05521    0.2021   0.08774
   105/299     10.2G    0.0184  0.003391   0.01079   0.03258        16       640    0.4105    0.2203    0.1958    0.1169   0.05517     0.202   0.08753
   106/299     10.2G   0.01836  0.003436    0.0113   0.03309        26       640    0.4078    0.2225    0.1973    0.1178   0.05504    0.2013   0.08739
   107/299     10.2G   0.01844   0.00344   0.01124   0.03312        29       640    0.4183    0.2182    0.1968    0.1174   0.05511    0.2016   0.08735
   108/299     10.2G   0.01855  0.003435    0.0113   0.03329        23       640    0.4136    0.2188    0.1964    0.1169   0.05515    0.2015   0.08718
   109/299     10.2G    0.0184  0.003422   0.01132   0.03314        18       640    0.4148    0.2199    0.1966    0.1168   0.05514    0.2007   0.08721
   110/299     10.2G   0.01842  0.003391   0.01086   0.03267        28       640    0.4132    0.2218    0.1967     0.117   0.05516    0.2005   0.08709
   111/299     10.2G   0.01836  0.003406   0.01057   0.03234        19       640    0.4288    0.2173    0.1974    0.1174   0.05518    0.2007   0.08713
   112/299     10.2G   0.01831  0.003366   0.01066   0.03234        25       640    0.4185    0.2199     0.197    0.1172   0.05529    0.2012   0.08691
   113/299     10.2G   0.01849  0.003394   0.01089   0.03277        14       640    0.4461    0.2123    0.1965     0.117   0.05534    0.2012   0.08677
   114/299     10.2G   0.01813  0.003352   0.01038   0.03186        22       640    0.4194    0.2192    0.1962    0.1166   0.05542    0.2016   0.08663
   115/299     10.2G   0.01823  0.003362   0.01054   0.03213        18       640    0.4422    0.2132     0.197    0.1168   0.05538    0.2016   0.08662
   116/299     10.2G   0.01807  0.003328   0.01052   0.03192        24       640    0.3898    0.2302     0.197    0.1166   0.05541    0.2014   0.08685
   117/299     10.2G   0.01808  0.003344    0.0105   0.03193        19       640    0.4166    0.2189    0.1949    0.1155   0.05554     0.202   0.08746
   118/299     10.2G   0.01794  0.003331   0.01037   0.03164        16       640    0.4158    0.2179    0.1938    0.1146   0.05563    0.2021   0.08778
   119/299     10.2G   0.01798  0.003368   0.01108   0.03243        25       640    0.4043     0.222    0.1946    0.1148   0.05565    0.2018   0.08742
   120/299     10.2G   0.01769   0.00334  0.009945   0.03097        20       640    0.4031    0.2235    0.1959    0.1155   0.05562    0.2011    0.0869
   121/299     10.2G   0.01817  0.003292   0.01038   0.03184        14       640    0.4042    0.2249    0.1971    0.1164   0.05562    0.2008   0.08659
   122/299     10.2G   0.01778  0.003364   0.01079   0.03194        16       640    0.4026     0.227    0.1988    0.1173   0.05558    0.2002   0.08592
   123/299     10.2G   0.01803  0.003329   0.01063   0.03199        20       640    0.4112    0.2258    0.1996    0.1176    0.0556    0.1995   0.08591
   124/299     10.2G   0.01791  0.003281   0.01035   0.03155        15       640    0.4221    0.2228    0.2004    0.1181   0.05561    0.1991   0.08593
   125/299     10.2G   0.01798   0.00338   0.01154    0.0329        16       640    0.4092    0.2304    0.2027    0.1196    0.0554    0.1985   0.08609
   126/299     10.2G   0.01792  0.003322   0.01057   0.03181        24       640    0.4382    0.2212    0.2027    0.1196   0.05534    0.1987   0.08627
   127/299     10.2G   0.01807  0.003373   0.01146   0.03291        24       640    0.4485    0.2177    0.2025    0.1195   0.05529    0.1986   0.08649
   128/299     10.2G   0.01787  0.003296    0.0103   0.03146        19       640    0.4219    0.2276    0.2038    0.1204   0.05515     0.198   0.08666
   129/299     10.2G   0.01821  0.003362   0.01132   0.03289        16       640    0.4067    0.2334    0.2044    0.1208   0.05507    0.1976   0.08678
   130/299     10.2G   0.01826  0.003313     0.011   0.03258        17       640    0.4212    0.2293    0.2056    0.1216   0.05505    0.1972   0.08626
   131/299     10.2G   0.01826  0.003321   0.01123   0.03281        21       640    0.4394    0.2248    0.2061    0.1218   0.05501    0.1972   0.08605
   132/299     10.2G   0.01811  0.003297   0.01093   0.03234        21       640    0.4226    0.2318    0.2074    0.1226   0.05497     0.197   0.08577
   133/299     10.2G   0.01779  0.003262   0.01036   0.03141        21       640    0.4239    0.2325    0.2081    0.1232   0.05491    0.1964    0.0859
   134/299     10.2G   0.01791  0.003259   0.01015   0.03132        20       640    0.4108    0.2381    0.2081    0.1229   0.05491    0.1963   0.08588
   135/299     10.2G   0.01795  0.003244  0.009761   0.03096        20       640    0.4184    0.2388    0.2124    0.1255   0.05469    0.1943   0.08521
   136/299     10.2G   0.01802  0.003259   0.01093   0.03221        15       640    0.4339    0.2394    0.2181    0.1294   0.05445    0.1915   0.08436
   137/299     10.2G   0.01787  0.003238   0.01029   0.03139        21       640    0.4295    0.2438    0.2201     0.131   0.05437    0.1911   0.08384
   138/299     10.2G   0.01771  0.003273   0.01017   0.03116        20       640    0.4311    0.2443      0.22    0.1309   0.05443    0.1916   0.08354
   139/299     10.2G   0.01795  0.003231   0.01053    0.0317        19       640    0.4393    0.2424    0.2208    0.1311   0.05444    0.1915    0.0835
   140/299     10.2G   0.01759  0.003254   0.01063   0.03147        16       640    0.4473    0.2401    0.2208    0.1307   0.05443    0.1913   0.08391
   141/299     10.2G   0.01745  0.003213  0.009798   0.03046        19       640    0.4521     0.239    0.2216     0.131   0.05443    0.1913   0.08386
   142/299     10.2G   0.01733  0.003206  0.009759    0.0303        17       640    0.4556    0.2383    0.2226    0.1318   0.05434    0.1914   0.08372
   143/299     10.2G   0.01742  0.003203   0.01018   0.03081        24       640     0.444     0.243    0.2232    0.1323   0.05429    0.1914    0.0842
   144/299     10.2G   0.01765  0.003202  0.009976   0.03083        19       640     0.463    0.2351    0.2216    0.1315   0.05435     0.192   0.08471
   145/299     10.2G   0.01739  0.003186  0.009965   0.03054        16       640    0.4379    0.2433    0.2212    0.1313   0.05439    0.1921   0.08527
   146/299     10.2G    0.0175   0.00316  0.009451   0.03011        22       640    0.4577    0.2377    0.2221    0.1319   0.05435    0.1918   0.08565
   147/299     10.2G   0.01782  0.003179   0.01046   0.03145        17       640    0.4765    0.2325    0.2225    0.1323   0.05427    0.1917   0.08611
   148/299     10.2G    0.0173  0.003189   0.00998   0.03047        24       640    0.4656    0.2358     0.222    0.1321   0.05429    0.1921   0.08628
   149/299     10.2G   0.01718  0.003172  0.009859   0.03021        15       640    0.4539    0.2385    0.2219     0.132   0.05433    0.1924   0.08654
   150/299     10.2G   0.01733  0.003177   0.01002   0.03053        25       640    0.4643    0.2362    0.2225    0.1328   0.05427    0.1924   0.08673
   151/299     10.2G   0.01722  0.003146  0.009586   0.02995        17       640    0.4603    0.2383    0.2231    0.1331   0.05417    0.1918   0.08698
   152/299     10.2G   0.01727  0.003173   0.01009   0.03053        20       640    0.4645    0.2379    0.2247    0.1343   0.05399     0.191    0.0874
   153/299     10.2G   0.01728  0.003155   0.01021   0.03064        15       640    0.4622    0.2377    0.2242    0.1343   0.05401    0.1916   0.08754
   154/299     10.2G   0.01709   0.00313  0.009581    0.0298        12       640    0.4476    0.2429    0.2245    0.1344   0.05405    0.1918   0.08723
   155/299     10.2G   0.01719  0.003114   0.00958   0.02988        18       640    0.4418    0.2439    0.2235    0.1335   0.05414    0.1922   0.08715
   156/299     10.2G   0.01732  0.003131   0.01012   0.03057        17       640    0.4443    0.2414     0.222    0.1325   0.05419    0.1928   0.08754
   157/299     10.2G   0.01703  0.003131  0.009281   0.02944        14       640    0.4483    0.2394    0.2213    0.1321    0.0542    0.1933   0.08751
   158/299     10.2G   0.01703  0.003099  0.009484   0.02961        19       640    0.4514    0.2366    0.2199    0.1311   0.05429    0.1943   0.08752
   159/299     10.2G   0.01684   0.00308  0.009383    0.0293        17       640     0.435    0.2437    0.2208    0.1316   0.05423    0.1943   0.08754
   160/299     10.2G   0.01703   0.00315   0.01042   0.03059        23       640    0.4376    0.2426    0.2208    0.1315   0.05423    0.1945   0.08734
   161/299     10.2G    0.0167  0.003039  0.008708   0.02845        22       640    0.4397    0.2402    0.2197    0.1307   0.05428    0.1947   0.08755
   162/299     10.2G   0.01669  0.003094   0.00916   0.02895        19       640     0.456    0.2353    0.2206    0.1312   0.05428    0.1942   0.08725
   163/299     10.2G   0.01677  0.003021  0.008586   0.02838        13       640    0.4439    0.2412    0.2217    0.1321   0.05425    0.1944   0.08694
   164/299     10.2G   0.01681  0.003058  0.009416   0.02928        24       640    0.4563    0.2384    0.2229    0.1326   0.05424    0.1942   0.08688
   165/299     10.2G   0.01714   0.00311  0.009885   0.03014        17       640    0.4517    0.2416    0.2233     0.133    0.0542     0.194   0.08655
   166/299     10.2G   0.01654  0.003063  0.009029   0.02863        20       640    0.4444    0.2428    0.2234     0.133   0.05424    0.1941   0.08628
   167/299     10.2G   0.01637   0.00303  0.008224   0.02763        15       640      0.45    0.2412    0.2238    0.1331   0.05419    0.1936   0.08606
   168/299     10.2G   0.01666  0.003045  0.009147   0.02885        13       640    0.4477    0.2424    0.2244    0.1335   0.05417    0.1939   0.08583
   169/299     10.2G   0.01658   0.00302   0.00857   0.02817        21       640    0.4761    0.2345    0.2248    0.1334   0.05422    0.1939    0.0855
   170/299     10.2G   0.01647  0.003017   0.00857   0.02806        24       640    0.4722    0.2348    0.2247     0.133   0.05435    0.1943   0.08518
   171/299     10.2G    0.0163  0.002986  0.008352   0.02764        21       640    0.4492    0.2444    0.2272    0.1343   0.05419    0.1934   0.08495
   172/299     10.2G   0.01636  0.003045  0.008994    0.0284        23       640    0.4596    0.2437    0.2295    0.1356   0.05407    0.1925   0.08438
   173/299     7.42G   0.02593   0.05789   0.02736    0.1112       543       640    0.4881    0.2682      0.26    0.1551   0.05235    0.1887   0.07942
   174/299     8.09G   0.02208   0.04796   0.01737   0.08741       651       640    0.5287     0.278    0.2812    0.1692   0.05121    0.1877    0.0759
   175/299       11G   0.02088   0.04509    0.0149   0.08087       561       640    0.5324    0.3023    0.3038    0.1842   0.05005    0.1851    0.0724
   176/299       11G    0.0202   0.04361   0.01341   0.07722       495       640    0.5761    0.3117    0.3271       0.2   0.04887    0.1819   0.06902
   177/299       11G   0.01966    0.0416   0.01238   0.07364       568       640    0.5795    0.3359    0.3504    0.2159   0.04771    0.1786   0.06581
   178/299       11G   0.01925   0.04073   0.01147   0.07145       545       640    0.6063    0.3514     0.374    0.2323   0.04654     0.175   0.06276
   179/299       11G   0.01898   0.04009   0.01104   0.07012       601       640    0.6186    0.3738    0.3987    0.2494   0.04536    0.1711   0.05985
   180/299       11G   0.01865   0.03923   0.01029   0.06817       508       640    0.6524    0.3871    0.4239    0.2671   0.04419    0.1672   0.05709
   181/299       11G   0.01844   0.03874  0.009892   0.06708       600       640    0.6729    0.4062    0.4497    0.2855     0.043    0.1633   0.05449
   182/299       11G   0.01825   0.03797  0.009468   0.06569       637       640    0.6963     0.423    0.4752    0.3045   0.04183    0.1594   0.05204
   183/299       11G   0.01804   0.03788  0.009219   0.06513       577       640    0.6945    0.4501    0.5008    0.3236   0.04066    0.1556   0.04973
   184/299       11G   0.01793   0.03715  0.009044   0.06413       606       640     0.703    0.4744    0.5269    0.3434   0.03947    0.1517   0.04752
   185/299       11G   0.01783   0.03718  0.008836   0.06384       487       640    0.7245    0.4932    0.5526    0.3635   0.03832    0.1481   0.04543
   186/299       11G   0.01767   0.03647   0.00853   0.06267       531       640    0.7358    0.5154    0.5793    0.3842   0.03716    0.1444   0.04341
   187/299       11G   0.01754   0.03637  0.008251   0.06216       582       640     0.734     0.543    0.6045    0.4047   0.03604    0.1411    0.0415
   188/299       11G   0.01745    0.0361  0.008059   0.06161       559       640    0.7663    0.5553    0.6302    0.4257   0.03493    0.1378   0.03969
   189/299       11G   0.01734   0.03569  0.007854   0.06088       501       640    0.7756     0.578    0.6553    0.4469   0.03385    0.1346   0.03797
   190/299       11G   0.01717   0.03558  0.007636   0.06038       577       640    0.7871    0.5989      0.68    0.4678    0.0328    0.1316   0.03632
   191/299       11G   0.01711   0.03543  0.007571   0.06011       576       640    0.8088    0.6139    0.7046     0.489   0.03178    0.1287   0.03471
   192/299       11G   0.01702   0.03514  0.007283   0.05944       593       640    0.8045    0.6438    0.7277    0.5097   0.03082    0.1261   0.03323
   193/299       11G   0.01692   0.03501  0.007129   0.05905       534       640    0.8193    0.6623    0.7498      0.53   0.02989    0.1236    0.0318
   194/299       11G   0.01686   0.03464  0.007076   0.05857       559       640    0.8406    0.6754    0.7708    0.5497     0.029    0.1212   0.03043
   195/299       11G   0.01677   0.03472  0.006928   0.05842       539       640    0.8447    0.6975    0.7901    0.5689   0.02816    0.1191   0.02914
   196/299       11G   0.01676   0.03464  0.006857   0.05825       604       640    0.8495    0.7185    0.8086    0.5868   0.02735     0.117   0.02788
   197/299       11G   0.01667   0.03428  0.006707   0.05766       675       640    0.8662    0.7307    0.8259    0.6046   0.02659    0.1152    0.0267
   198/299       11G   0.01654   0.03398   0.00653   0.05705       545       640    0.8696    0.7504    0.8417    0.6223   0.02585    0.1134   0.02557
   199/299       11G   0.01651   0.03391  0.006361   0.05678       604       640    0.8782    0.7667    0.8565    0.6387   0.02515    0.1118    0.0245
   200/299       11G   0.01644   0.03375   0.00635   0.05654       516       640    0.8819    0.7852    0.8704    0.6545   0.02448    0.1103   0.02349
   201/299       11G    0.0164   0.03351  0.006186    0.0561       439       640    0.8914    0.7984    0.8828    0.6692   0.02386    0.1089   0.02253
   202/299       11G   0.01631   0.03349  0.006214   0.05601       671       640    0.8977    0.8133    0.8942    0.6827   0.02329    0.1077   0.02162
   203/299       11G   0.01631   0.03346  0.006226     0.056       562       640    0.9025    0.8274    0.9045    0.6956   0.02274    0.1067   0.02077
   204/299       11G   0.01621   0.03321  0.005988   0.05541       510       640    0.9095    0.8398    0.9141    0.7078   0.02223    0.1058   0.01996
   205/299       11G   0.01623   0.03341  0.006055    0.0557       596       640    0.9215    0.8465    0.9225    0.7187   0.02175    0.1049    0.0192
   206/299       11G    0.0161   0.03297  0.005853   0.05492       641       640    0.9261    0.8577    0.9303    0.7292    0.0213    0.1041   0.01848
   207/299       11G   0.01604   0.03298  0.005798   0.05482       570       640    0.9288    0.8711    0.9378    0.7393   0.02088    0.1034   0.01779
   208/299       11G   0.01603   0.03308  0.005712   0.05483       580       640    0.9389    0.8762    0.9438    0.7483    0.0205    0.1029   0.01715
   209/299       11G     0.016   0.03274   0.00564   0.05438       612       640      0.94    0.8884    0.9498    0.7568   0.02013    0.1025   0.01655
   210/299       11G     0.016   0.03263  0.005645   0.05427       521       640    0.9454    0.8968    0.9548    0.7645   0.01979    0.1022   0.01599
   211/299       11G   0.01587   0.03255   0.00552   0.05394       522       640    0.9521    0.9027    0.9594    0.7717   0.01948    0.1019   0.01547
   212/299       11G   0.01582   0.03249  0.005442   0.05375       569       640    0.9506    0.9144    0.9634    0.7783   0.01919    0.1018   0.01499
   213/299       11G   0.01581   0.03226  0.005401   0.05347       650       640    0.9586    0.9168     0.967    0.7842   0.01892    0.1017   0.01453
   214/299       11G   0.01581    0.0321  0.005372   0.05328       596       640    0.9613    0.9232    0.9701      0.79   0.01867    0.1017   0.01411
   215/299       11G   0.01578   0.03206  0.005285   0.05312       609       640    0.9638    0.9286    0.9729    0.7953   0.01843    0.1018   0.01372
   216/299       11G   0.01573   0.03211  0.005268    0.0531       559       640    0.9662    0.9346    0.9755    0.7999    0.0182    0.1019   0.01334
   217/299       11G   0.01575    0.0322  0.005293   0.05324       446       640    0.9685    0.9399    0.9779    0.8043   0.01799    0.1021     0.013
   218/299       11G   0.01575   0.03215  0.005312   0.05322       587       640    0.9717     0.943      0.98    0.8085   0.01779    0.1024   0.01268
   219/299       11G   0.01565   0.03187  0.005127   0.05264       552       640    0.9715    0.9491    0.9818    0.8122   0.01761    0.1027   0.01238
   220/299       11G   0.01568   0.03178  0.005181   0.05264       519       640    0.9737    0.9531    0.9834    0.8157   0.01744     0.103   0.01211
   221/299       11G   0.01559   0.03177  0.005112   0.05248       621       640    0.9782    0.9541    0.9848    0.8191   0.01728    0.1034   0.01185
   222/299       11G   0.01558   0.03164  0.005144   0.05237       645       640    0.9772    0.9597    0.9861     0.822   0.01712    0.1039   0.01161
   223/299       11G   0.01546   0.03125  0.004905   0.05161       496       640    0.9767    0.9645     0.987    0.8247   0.01698    0.1043   0.01139
   224/299       11G   0.01545   0.03113  0.004825    0.0514       402       640    0.9779    0.9676     0.988     0.827   0.01686    0.1049   0.01117
   225/299       11G   0.01549   0.03155  0.004946   0.05199       502       640    0.9807    0.9689    0.9889    0.8292   0.01673    0.1055   0.01097
   226/299       11G   0.01546   0.03149  0.004861   0.05181       630       640    0.9838    0.9692    0.9897    0.8314   0.01661    0.1061   0.01078
   227/299       11G   0.01535   0.03138   0.00481   0.05154       602       640    0.9834    0.9727    0.9904    0.8334   0.01649    0.1068   0.01061
   228/299       11G   0.01535   0.03114  0.004763   0.05125       692       640    0.9841     0.975    0.9911    0.8353   0.01639    0.1075   0.01045
   229/299       11G   0.01533   0.03094  0.004848   0.05112       554       640    0.9857    0.9763    0.9917    0.8371   0.01628    0.1082    0.0103
   230/299       11G   0.01535   0.03112  0.004721   0.05119       449       640    0.9876    0.9768    0.9922    0.8388   0.01619    0.1089   0.01016
   231/299       11G   0.01533   0.03122  0.004742   0.05129       548       640    0.9875    0.9788    0.9926    0.8402    0.0161    0.1096   0.01003
   232/299       11G   0.01524   0.03055  0.004705    0.0505       529       640    0.9877    0.9809    0.9931    0.8417   0.01601    0.1103  0.009904
   233/299       11G   0.01522   0.03095  0.004641   0.05081       606       640    0.9891    0.9814    0.9935    0.8431   0.01593    0.1111  0.009787
   234/299       11G   0.01519   0.03059  0.004547   0.05032       567       640      0.99    0.9821    0.9938    0.8445   0.01585    0.1119  0.009678
   235/299       11G   0.01519   0.03079  0.004642   0.05062       594       640     0.991    0.9827    0.9941    0.8456   0.01577    0.1127  0.009574
   236/299       11G   0.01516   0.03072  0.004624   0.05051       481       640    0.9909    0.9842    0.9943    0.8469    0.0157    0.1135  0.009479
   237/299       11G   0.01516   0.03067  0.004542   0.05037       551       640    0.9917    0.9849    0.9946    0.8477   0.01563    0.1143  0.009383
   238/299       11G   0.01514   0.03065  0.004485   0.05028       545       640    0.9918    0.9861    0.9949    0.8488   0.01556     0.115  0.009292
   239/299       11G   0.01516   0.03076  0.004562   0.05048       540       640    0.9931     0.986    0.9951    0.8498   0.01549    0.1158   0.00921
   240/299       11G   0.01507   0.03033  0.004464   0.04986       597       640    0.9932     0.987    0.9953    0.8507   0.01544    0.1166  0.009132
   241/299       11G    0.0151   0.03052  0.004496   0.05012       685       640    0.9937    0.9875    0.9955    0.8516   0.01539    0.1174   0.00906
   242/299       11G   0.01506   0.03046  0.004435   0.04996       522       640    0.9944    0.9877    0.9957    0.8526   0.01533    0.1182   0.00899
   243/299       11G   0.01503   0.03028  0.004391   0.04971       634       640     0.993    0.9899    0.9959    0.8535   0.01528     0.119  0.008922
   244/299       11G   0.01501   0.03028  0.004349   0.04964       612       640    0.9933    0.9903     0.996    0.8541   0.01522    0.1199   0.00886
   245/299       11G   0.01501   0.03016  0.004312   0.04949       603       640    0.9933    0.9909    0.9962    0.8549   0.01518    0.1207  0.008799
   246/299       11G   0.01491   0.03008  0.004289   0.04928       531       640    0.9938     0.991    0.9964    0.8558   0.01513    0.1215  0.008739
   247/299       11G   0.01496   0.03023  0.004288   0.04948       672       640    0.9939    0.9914    0.9965    0.8566   0.01508    0.1223  0.008683
   248/299       11G   0.01489   0.03014  0.004171   0.04919       479       640    0.9947    0.9913    0.9967    0.8573   0.01504    0.1231  0.008627
   249/299       11G    0.0149   0.02989  0.004264   0.04905       658       640    0.9944    0.9921    0.9967    0.8579   0.01499    0.1239  0.008573
   250/299       11G   0.01485   0.02989  0.004168   0.04891       610       640    0.9953    0.9917    0.9968    0.8586   0.01495    0.1246  0.008524
   251/299       11G   0.01482   0.02954  0.004063   0.04842       596       640    0.9949    0.9925    0.9969    0.8593    0.0149    0.1254  0.008476
   252/299       11G   0.01484   0.02976  0.004122   0.04872       563       640    0.9959    0.9921     0.997    0.8597   0.01487    0.1261   0.00843
   253/299       11G    0.0148   0.02971  0.004067   0.04858       737       640    0.9959    0.9924    0.9971    0.8602   0.01483    0.1267  0.008389
   254/299       11G   0.01483   0.02982  0.004158    0.0488       404       640    0.9954    0.9933    0.9971    0.8607   0.01479    0.1274  0.008345
   255/299       11G   0.01482   0.02957  0.004097   0.04849       600       640     0.996     0.993    0.9972    0.8611   0.01476    0.1282  0.008302
   256/299       11G   0.01482   0.02976  0.004139   0.04872       509       640    0.9961    0.9933    0.9972    0.8616   0.01472    0.1289  0.008264
   257/299       11G   0.01476   0.02962  0.004072   0.04845       583       640    0.9962    0.9936    0.9973    0.8623   0.01469    0.1295  0.008227
   258/299       11G   0.01478    0.0295  0.004135   0.04841       660       640    0.9964    0.9936    0.9974    0.8629   0.01465    0.1302  0.008191
   259/299       11G    0.0148    0.0295  0.004062   0.04836       622       640    0.9959    0.9944    0.9975    0.8635   0.01462    0.1308  0.008155
   260/299       11G   0.01469   0.02925  0.004047   0.04799       648       640    0.9962    0.9944    0.9975    0.8639   0.01458    0.1314  0.008121
   261/299       11G    0.0148   0.02983  0.004145   0.04877       558       640    0.9962    0.9947    0.9976    0.8644   0.01454     0.132  0.008087
   262/299       11G   0.01471    0.0296  0.004081   0.04838       535       640    0.9961     0.995    0.9976    0.8649   0.01451    0.1326  0.008055
   263/299       11G   0.01468   0.02944  0.003928   0.04804       484       640    0.9961    0.9952    0.9977    0.8654   0.01448    0.1331   0.00802
   264/299       11G   0.01472   0.02949  0.003984   0.04819       550       640    0.9965    0.9949    0.9977    0.8657   0.01445    0.1338  0.007991
   265/299       11G    0.0147   0.02928  0.003984   0.04797       481       640    0.9967     0.995    0.9977    0.8662   0.01442    0.1344  0.007959
   266/299       11G   0.01468   0.02936  0.003994   0.04803       536       640    0.9966    0.9952    0.9978    0.8668   0.01439     0.135  0.007927
   267/299       11G   0.01465   0.02943  0.003923     0.048       549       640    0.9965    0.9954    0.9978    0.8673   0.01436    0.1355  0.007896
   268/299       11G   0.01466   0.02915  0.003979   0.04779       496       640    0.9966    0.9954    0.9978    0.8677   0.01433     0.136  0.007868
   269/299       11G   0.01466   0.02926  0.003956   0.04787       518       640    0.9967    0.9956    0.9979    0.8682    0.0143    0.1366  0.007842
   270/299       11G   0.01466   0.02928  0.003953   0.04789       640       640    0.9967    0.9956    0.9979    0.8686   0.01427    0.1371  0.007817
   271/299       11G   0.01462   0.02921  0.003941   0.04777       532       640    0.9967    0.9958    0.9979    0.8688   0.01425    0.1376  0.007792
   272/299       11G   0.01466   0.02946  0.003996   0.04812       488       640    0.9967     0.996     0.998    0.8692   0.01422    0.1381  0.007768
   273/299       11G   0.01461   0.02909  0.003901    0.0476       583       640     0.997    0.9958     0.998    0.8695    0.0142    0.1386  0.007747
   274/299       11G    0.0146   0.02931  0.003897    0.0478       623       640    0.9968     0.996     0.998    0.8698   0.01418    0.1391  0.007725
   275/299       11G   0.01457    0.0289  0.003839    0.0473       604       640    0.9969    0.9961     0.998      0.87   0.01416    0.1395  0.007702
   276/299       11G   0.01454   0.02904   0.00379   0.04738       599       640    0.9973    0.9958     0.998    0.8702   0.01414    0.1399  0.007681
   277/299       11G   0.01451   0.02892  0.003818   0.04725       540       640    0.9973    0.9959     0.998    0.8704   0.01412    0.1404  0.007662
   278/299       11G   0.01456   0.02903  0.003839   0.04743       618       640    0.9972    0.9961     0.998    0.8706    0.0141    0.1408  0.007642
   279/299       11G   0.01461   0.02918  0.003853   0.04764       686       640    0.9973    0.9961     0.998     0.871   0.01408    0.1411  0.007622
   280/299       11G   0.01455   0.02919   0.00388   0.04762       495       640    0.9972    0.9964    0.9981    0.8712   0.01407    0.1415  0.007606
   281/299       11G    0.0145   0.02887  0.003802   0.04717       520       640    0.9972    0.9964    0.9981    0.8715   0.01405    0.1419  0.007588
   282/299       11G   0.01451   0.02891  0.003782    0.0472       537       640    0.9973    0.9964    0.9981    0.8717   0.01403    0.1422  0.007569
   283/299       11G   0.01446   0.02891  0.003806   0.04718       536       640    0.9973    0.9964    0.9981    0.8719   0.01402    0.1425  0.007553
   284/299       11G   0.01451    0.0288  0.003752   0.04705       437       640    0.9973    0.9965    0.9981    0.8722   0.01401    0.1429  0.007534
   285/299       11G   0.01449   0.02892  0.003767   0.04718       553       640    0.9974    0.9963    0.9981    0.8724   0.01399    0.1432  0.007518
   286/299       11G   0.01446   0.02867  0.003757   0.04689       564       640    0.9975    0.9963    0.9981    0.8727   0.01398    0.1435  0.007502
   287/299       11G   0.01448   0.02869  0.003728    0.0469       607       640    0.9975    0.9963    0.9981    0.8728   0.01397    0.1439  0.007489
   288/299       11G   0.01454   0.02898  0.003904   0.04742       465       640    0.9973    0.9966    0.9981    0.8729   0.01396    0.1442  0.007476
   289/299       11G   0.01452   0.02912  0.003877   0.04752       649       640    0.9973    0.9966    0.9982    0.8732   0.01394    0.1445  0.007463
   290/299       11G   0.01446   0.02873  0.003786   0.04698       588       640    0.9975    0.9964    0.9981    0.8733   0.01393    0.1448  0.007451
   291/299       11G   0.01442   0.02863  0.003665   0.04672       536       640    0.9974    0.9967    0.9982    0.8735   0.01392    0.1451  0.007438
   292/299       11G   0.01449   0.02909  0.003771   0.04736       534       640    0.9974    0.9966    0.9982    0.8736   0.01391    0.1454  0.007427
   293/299       11G   0.01441   0.02853  0.003678   0.04662       700       640    0.9974    0.9967    0.9982    0.8738    0.0139    0.1456  0.007415
   294/299       11G   0.01442   0.02855   0.00367   0.04664       603       640    0.9974    0.9967    0.9982     0.874   0.01389    0.1458  0.007403
   295/299       11G   0.01437   0.02868  0.003688   0.04674       602       640    0.9976    0.9966    0.9982    0.8741   0.01389     0.146  0.007393
   296/299       11G   0.01446   0.02901  0.003811   0.04728       492       640    0.9976    0.9967    0.9982    0.8743   0.01388    0.1462  0.007381
   297/299       11G   0.01446   0.02882  0.003807   0.04708       489       640    0.9975    0.9968    0.9982    0.8742   0.01388    0.1464   0.00737
   298/299       11G   0.01446    0.0287  0.003767   0.04693       557       640    0.9975    0.9968    0.9981    0.8742   0.01388    0.1466   0.00736
   299/299       11G   0.01443   0.02882  0.003775   0.04702       586       640    0.9975    0.9968    0.9982    0.8743   0.01387    0.1468  0.007351
