     0/299     1.02G   0.02942  0.008999    0.1153    0.1537        24       640  0.009601   0.08767  0.003158  0.002191   0.04918    0.1242    0.1214
     1/299     7.99G   0.01919  0.007148    0.1055    0.1318        22       640   0.06723   0.08539   0.01553   0.01088    0.0493    0.1532    0.1258
     2/299     10.2G   0.02034  0.007257   0.08349    0.1111        18       640   0.06627   0.07676   0.01907   0.01264   0.06821    0.1642    0.1408
     3/299     10.2G   0.02043  0.007089   0.06137   0.08888        18       640    0.1473    0.1148   0.04236   0.02817   0.05607    0.1924    0.1438
     4/299     10.2G   0.02015  0.006489   0.04215   0.06879        12       640    0.1876      0.14   0.07687   0.05074   0.05456    0.1844    0.1298
     5/299     10.2G   0.02022  0.005995   0.03169   0.05791        23       640    0.2002    0.1379   0.08177   0.05377   0.05661    0.1899    0.1307
     6/299     10.2G    0.0205  0.005537   0.02525   0.05129        15       640    0.2305     0.153   0.09948   0.06515   0.05391    0.1916    0.1352
     7/299     10.2G   0.02036  0.005303   0.02139   0.04706        17       640    0.2218    0.1537   0.09741   0.06332   0.05576    0.2009    0.1331
     8/299     10.2G   0.02027  0.005095   0.01928   0.04465        26       640    0.2719    0.1802    0.1286   0.08441   0.05249    0.1994    0.1262
     9/299     10.2G   0.02048  0.004904   0.01807   0.04345        20       640    0.2871    0.1781    0.1293   0.08452   0.05391    0.1958    0.1248
    10/299     10.2G   0.02104  0.004808   0.01829   0.04413        24       640    0.2775    0.1763    0.1298   0.08553   0.05492    0.2051    0.1259
    11/299     10.2G   0.02108  0.004711   0.01775   0.04354        17       640    0.2854    0.1727    0.1267   0.08141   0.05476    0.1995    0.1196
    12/299     10.2G   0.02089  0.004616   0.01671   0.04221        15       640    0.3046    0.1832    0.1402   0.09239   0.05434    0.2031    0.1214
    13/299     10.2G   0.02109  0.004592   0.01779   0.04347        18       640    0.3241    0.1919    0.1506    0.0969   0.05391    0.1956    0.1182
    14/299     10.2G    0.0207  0.004492   0.01608   0.04128        16       640    0.3672     0.193    0.1622    0.1054   0.05259    0.1914    0.1169
    15/299     10.2G   0.02065  0.004388   0.01464   0.03968        20       640    0.3625    0.1958    0.1622    0.1044   0.05346    0.1942     0.115
    16/299     10.2G   0.02032  0.004346   0.01449   0.03916        19       640    0.3772    0.1943    0.1656    0.1065   0.05333    0.1939    0.1138
    17/299     10.2G   0.02019  0.004345   0.01449   0.03902        18       640    0.3761    0.2012    0.1694    0.1085   0.05297    0.1934    0.1127
    18/299     10.2G   0.02014   0.00423    0.0138   0.03817        14       640    0.3759     0.206    0.1748    0.1119   0.05249    0.1914     0.112
    19/299     10.2G   0.02033  0.004218   0.01344   0.03798        24       640    0.3739    0.2084    0.1764    0.1133   0.05244     0.191    0.1115
    20/299     10.2G   0.02034  0.004222   0.01388   0.03844        17       640    0.3944    0.1985    0.1745    0.1122   0.05267    0.1922     0.112
    21/299     10.2G   0.01987  0.004171   0.01306   0.03711        24       640    0.3622    0.2105    0.1753    0.1127   0.05269    0.1929    0.1118
    22/299     10.2G   0.01962  0.004084   0.01223   0.03594        19       640    0.3666    0.2125    0.1785    0.1147   0.05263     0.192    0.1104
    23/299     10.2G   0.01957  0.004061   0.01171   0.03535        30       640    0.3672    0.2126    0.1793    0.1154    0.0526    0.1921    0.1099
    24/299     10.2G   0.01971  0.004098   0.01296   0.03677        19       640    0.3741    0.2095    0.1792    0.1152   0.05269    0.1925    0.1097
    25/299     10.2G   0.01983  0.004076   0.01306   0.03697        19       640    0.3845    0.2048     0.179    0.1153   0.05285    0.1933    0.1093
    26/299     10.2G   0.01969  0.004008   0.01227   0.03596        19       640    0.3866    0.2046    0.1793    0.1155   0.05292    0.1938    0.1089
    27/299     10.2G   0.01927  0.003965   0.01143   0.03466        23       640    0.3964    0.2025    0.1796    0.1156   0.05308    0.1944    0.1084
    28/299     10.2G   0.01958  0.003992   0.01253    0.0361        23       640     0.376     0.212    0.1804    0.1163   0.05306    0.1949    0.1079
    29/299     10.2G   0.01914   0.00394   0.01118   0.03426        18       640    0.3826     0.209    0.1802    0.1162   0.05319    0.1956    0.1076
    30/299     10.2G   0.01937  0.003909   0.01155   0.03483        19       640    0.3863    0.2082    0.1801    0.1162   0.05329    0.1964    0.1074
    31/299     10.2G   0.01933  0.003958   0.01179   0.03507        16       640     0.392    0.2066    0.1807    0.1167    0.0533     0.197    0.1074
    32/299     10.2G   0.01929   0.00384   0.01107    0.0342        18       640    0.3823    0.2102    0.1802    0.1163   0.05345    0.1982    0.1075
    33/299     10.2G   0.01895  0.003856   0.01085   0.03366        18       640    0.3771    0.2125    0.1798    0.1161   0.05353    0.1992    0.1074
    34/299     10.2G   0.01921  0.003839   0.01104   0.03409        22       640    0.3795    0.2111    0.1791    0.1156   0.05365    0.2001    0.1075
    35/299     10.2G     0.019   0.00387   0.01114   0.03402        19       640    0.3844    0.2084     0.179    0.1154   0.05377    0.2005     0.107
    36/299     10.2G   0.01889  0.003844   0.01086    0.0336        16       640    0.3897    0.2049    0.1781    0.1148   0.05391    0.2015    0.1068
    37/299     10.2G   0.01881  0.003823   0.01063   0.03327        17       640    0.3963    0.2022    0.1773    0.1142   0.05403    0.2026    0.1065
    38/299     10.2G   0.01883   0.00385    0.0113   0.03399        23       640    0.3924     0.202    0.1762    0.1133   0.05425    0.2037    0.1063
    39/299     10.2G   0.01916  0.003837   0.01151   0.03451        21       640    0.3986    0.2005    0.1767    0.1134   0.05433    0.2043    0.1057
    40/299     10.2G   0.01874  0.003763   0.01033   0.03283        17       640    0.3898    0.2043    0.1776    0.1138   0.05428    0.2045    0.1053
    41/299     10.2G   0.01868  0.003823   0.01114   0.03365        30       640    0.3961    0.2039     0.179    0.1143   0.05421    0.2045    0.1052
    42/299     10.2G   0.01899  0.003776    0.0109   0.03367        12       640    0.3923    0.2049    0.1788    0.1141   0.05425    0.2049    0.1051
    43/299     10.2G   0.01888  0.003824   0.01157   0.03427        22       640      0.37     0.212    0.1779    0.1134   0.05429    0.2053     0.105
    44/299     10.2G    0.0194  0.003774   0.01159   0.03476        16       640    0.3713    0.2114    0.1779    0.1131   0.05431    0.2059    0.1048
    45/299     10.2G   0.01918  0.003747   0.01144   0.03437        21       640    0.3787    0.2072    0.1763     0.112   0.05445    0.2071    0.1041
    46/299     10.2G   0.01875  0.003668   0.01029   0.03271        21       640    0.3857    0.2044    0.1755    0.1113   0.05454    0.2078    0.1034
    47/299     10.2G   0.01904  0.003772   0.01137   0.03418        27       640    0.3782    0.2081    0.1769    0.1119   0.05449    0.2073    0.1023
    48/299     10.2G   0.01904  0.003756   0.01154   0.03434        16       640    0.3727    0.2094    0.1766    0.1116   0.05457    0.2074     0.102
    49/299     10.2G   0.01931  0.003749   0.01159   0.03465        23       640    0.3848    0.2049     0.176    0.1111   0.05464    0.2075    0.1018
    50/299     10.2G   0.01935  0.003755   0.01164   0.03474        15       640    0.3967    0.2018    0.1768    0.1116   0.05472    0.2073    0.1014
    51/299     10.2G   0.01895  0.003748   0.01144   0.03413        19       640    0.3896    0.2046    0.1776    0.1116   0.05499    0.2067    0.1004
    52/299     10.2G   0.01902   0.00369   0.01119    0.0339        20       640    0.3907    0.2062    0.1787     0.112   0.05507    0.2061   0.09971
    53/299     10.2G   0.01938  0.003822   0.01277   0.03597        21       640    0.3966    0.2068    0.1807    0.1128   0.05502     0.205    0.0992
    54/299     10.2G   0.01924  0.003735   0.01207   0.03505        21       640    0.3894    0.2097    0.1813    0.1128   0.05505    0.2045    0.0985
    55/299     10.2G   0.01885  0.003683   0.01079   0.03332        21       640    0.4094    0.2041    0.1821    0.1128   0.05511    0.2038   0.09767
    56/299     10.2G   0.01882  0.003674   0.01081    0.0333        18       640    0.4175    0.2045    0.1846    0.1141   0.05502    0.2027   0.09675
    57/299     10.2G   0.01907  0.003724   0.01188   0.03467        21       640    0.4147    0.2075     0.187    0.1153   0.05489    0.2015   0.09597
    58/299     10.2G   0.01886  0.003645   0.01081   0.03332        12       640    0.3845    0.2202    0.1893    0.1166   0.05476     0.201   0.09524
    59/299     10.2G   0.01887  0.003644   0.01116   0.03367        11       640    0.4035    0.2139    0.1899    0.1167   0.05476    0.2008   0.09509
    60/299     10.2G   0.01914  0.003788   0.01288   0.03581        16       640    0.3865    0.2233    0.1925    0.1183   0.05456    0.1993   0.09482
    61/299     10.2G   0.01928  0.003682   0.01175   0.03471        17       640    0.3802    0.2252    0.1928    0.1183   0.05454    0.1991   0.09461
    62/299     10.2G   0.01896  0.003679   0.01187   0.03451        13       640    0.3731    0.2278    0.1927    0.1182   0.05451    0.1989   0.09442
    63/299     10.2G   0.01893  0.003604   0.01083   0.03337        16       640    0.3907    0.2221    0.1936    0.1184   0.05447    0.1984   0.09361
    64/299     10.2G    0.0194  0.003657   0.01168   0.03473        19       640    0.4081    0.2176    0.1949    0.1187   0.05439    0.1979   0.09279
    65/299     10.2G   0.01926  0.003699   0.01233   0.03529        17       640    0.4106    0.2163    0.1947    0.1187   0.05441    0.1979   0.09265
    66/299     10.2G   0.01896  0.003603   0.01076   0.03333        18       640    0.4111    0.2153    0.1938     0.118   0.05448    0.1985   0.09255
    67/299     10.2G   0.01866   0.00362   0.01101   0.03329        15       640    0.4248    0.2102    0.1936    0.1174   0.05455    0.1985   0.09208
    68/299     10.2G   0.01917  0.003629   0.01149   0.03429        19       640    0.4081    0.2173    0.1948    0.1179   0.05451    0.1979   0.09163
    69/299     10.2G   0.01914  0.003616   0.01144    0.0342        17       640    0.4116    0.2157    0.1945    0.1176   0.05453    0.1979   0.09174
    70/299     10.2G   0.01878  0.003543   0.01064   0.03296        25       640    0.4119    0.2164    0.1937    0.1169   0.05457     0.198   0.09201
    71/299     10.2G   0.01885  0.003593   0.01112   0.03357        21       640    0.4245    0.2126    0.1938    0.1169   0.05461    0.1983   0.09152
    72/299     10.2G   0.01886  0.003607   0.01159   0.03405        12       640    0.4173    0.2155    0.1943    0.1172   0.05461    0.1986   0.09129
    73/299     10.2G   0.01888  0.003563   0.01085   0.03329        16       640    0.4221    0.2146    0.1947    0.1172    0.0547    0.1985   0.09113
    74/299     10.2G   0.01876  0.003593   0.01138   0.03373        31       640    0.3914    0.2222     0.192    0.1157   0.05501    0.1998   0.09102
    75/299     10.2G   0.01936  0.003609   0.01227   0.03524        11       640    0.4192    0.2105    0.1896     0.114   0.05524    0.2012   0.09103
    76/299     10.2G   0.01898  0.003536   0.01116   0.03367        32       640     0.392    0.2173    0.1881    0.1131    0.0554    0.2019   0.09078
    77/299     10.2G    0.0186   0.00352   0.01048    0.0326        27       640    0.3968    0.2171    0.1893     0.114   0.05532    0.2019   0.09073
    78/299     10.2G    0.0187   0.00357    0.0112   0.03346        11       640    0.4096    0.2126    0.1897    0.1143   0.05539    0.2021   0.09026
    79/299     10.2G   0.01901  0.003568   0.01118   0.03376        22       640    0.4047    0.2133    0.1887    0.1134   0.05551    0.2024   0.08995
    80/299     10.2G   0.01909  0.003541   0.01132   0.03395        13       640    0.4082    0.2116    0.1882     0.113   0.05557    0.2026   0.08997
    81/299     10.2G   0.01897  0.003519   0.01094   0.03343        17       640    0.3949    0.2154    0.1875    0.1126   0.05564    0.2027   0.08988
    82/299     10.2G   0.01889  0.003575   0.01186   0.03433        19       640    0.4024    0.2129    0.1871    0.1122   0.05566    0.2033   0.08967
    83/299     10.2G   0.01894  0.003524   0.01129   0.03375        16       640    0.4005    0.2127    0.1871    0.1123    0.0557    0.2035   0.08962
    84/299     10.2G   0.01926   0.00354    0.0118    0.0346        16       640    0.4008    0.2141    0.1885     0.113   0.05568    0.2035   0.08959
    85/299     10.2G   0.01886  0.003495    0.0109   0.03326        13       640    0.4022     0.216    0.1897    0.1136   0.05561    0.2034   0.08928
    86/299     10.2G   0.01868  0.003587    0.0122   0.03447        14       640    0.3926    0.2197    0.1904    0.1141   0.05557    0.2039   0.08893
    87/299     10.2G   0.01871  0.003509   0.01111   0.03333        17       640    0.3935    0.2195      0.19    0.1138   0.05563    0.2043   0.08888
    88/299     10.2G    0.0189  0.003513   0.01149   0.03391        21       640    0.4018    0.2167    0.1904    0.1141   0.05567    0.2042   0.08881
    89/299     10.2G    0.0192  0.003509   0.01197   0.03468        22       640    0.4056    0.2162    0.1912    0.1146    0.0556    0.2041   0.08887
    90/299     10.2G   0.01875  0.003478   0.01096   0.03318        23       640    0.4211    0.2124     0.192     0.115   0.05553    0.2036   0.08878
    91/299     10.2G    0.0186  0.003499   0.01113   0.03323        21       640    0.4382    0.2087    0.1927    0.1153   0.05551    0.2032    0.0888
    92/299     10.2G   0.01898  0.003464   0.01115   0.03359        22       640     0.427    0.2128    0.1932    0.1156   0.05544    0.2029   0.08858
    93/299     10.2G   0.01889  0.003448   0.01072   0.03305        22       640    0.4233    0.2143    0.1936    0.1157   0.05543    0.2023   0.08867
    94/299     10.2G   0.01893  0.003482   0.01146   0.03388        15       640    0.4297    0.2137    0.1954    0.1169   0.05527    0.2013   0.08874
    95/299     10.2G   0.01891  0.003487   0.01165   0.03405        22       640    0.4254    0.2168     0.197    0.1179   0.05512    0.2008    0.0887
    96/299     10.2G   0.01896  0.003467   0.01134   0.03377        25       640    0.4278    0.2173    0.1987    0.1189   0.05489    0.1999    0.0889
    97/299     10.2G   0.01894  0.003449   0.01136   0.03375        21       640    0.4069    0.2257    0.1999    0.1195   0.05479    0.1992    0.0888
    98/299     10.2G   0.01881  0.003435   0.01128   0.03353        17       640    0.4324    0.2203    0.2017    0.1208   0.05468    0.1985   0.08868
    99/299     10.2G   0.01855  0.003486   0.01122   0.03326        17       640    0.4263    0.2225    0.2022    0.1209   0.05469     0.198   0.08863
   100/299     10.2G   0.01838  0.003422   0.01064   0.03245        12       640    0.4419    0.2184    0.2025    0.1209   0.05464    0.1977   0.08824
   101/299     10.2G    0.0186  0.003455   0.01151   0.03356        19       640    0.4242    0.2221    0.2015    0.1202   0.05471     0.198   0.08813
   102/299     10.2G   0.01866  0.003439   0.01075   0.03285        16       640    0.4274    0.2193    0.1997    0.1189   0.05484    0.1991   0.08781
   103/299     10.2G   0.01847   0.00338   0.01036   0.03221        20       640    0.4199    0.2176    0.1965    0.1171   0.05507    0.2013   0.08783
   104/299     10.2G   0.01845  0.003371   0.01038    0.0322        32       640    0.4119    0.2195    0.1952    0.1162   0.05521    0.2021   0.08774
   105/299     10.2G    0.0184  0.003391   0.01079   0.03258        16       640    0.4105    0.2203    0.1958    0.1169   0.05517     0.202   0.08753
   106/299     10.2G   0.01836  0.003436    0.0113   0.03309        26       640    0.4078    0.2225    0.1973    0.1178   0.05504    0.2013   0.08739
   107/299     10.2G   0.01844   0.00344   0.01124   0.03312        29       640    0.4183    0.2182    0.1968    0.1174   0.05511    0.2016   0.08735
   108/299     10.2G   0.01855  0.003435    0.0113   0.03329        23       640    0.4136    0.2188    0.1964    0.1169   0.05515    0.2015   0.08718
   109/299     10.2G    0.0184  0.003422   0.01132   0.03314        18       640    0.4148    0.2199    0.1966    0.1168   0.05514    0.2007   0.08721
   110/299     10.2G   0.01842  0.003391   0.01086   0.03267        28       640    0.4132    0.2218    0.1967     0.117   0.05516    0.2005   0.08709
   111/299     10.2G   0.01836  0.003406   0.01057   0.03234        19       640    0.4288    0.2173    0.1974    0.1174   0.05518    0.2007   0.08713
   112/299     10.2G   0.01831  0.003366   0.01066   0.03234        25       640    0.4185    0.2199     0.197    0.1172   0.05529    0.2012   0.08691
   113/299     10.2G   0.01849  0.003394   0.01089   0.03277        14       640    0.4461    0.2123    0.1965     0.117   0.05534    0.2012   0.08677
   114/299     10.2G   0.01813  0.003352   0.01038   0.03186        22       640    0.4194    0.2192    0.1962    0.1166   0.05542    0.2016   0.08663
   115/299     10.2G   0.01823  0.003362   0.01054   0.03213        18       640    0.4422    0.2132     0.197    0.1168   0.05538    0.2016   0.08662
   116/299     10.2G   0.01807  0.003328   0.01052   0.03192        24       640    0.3898    0.2302     0.197    0.1166   0.05541    0.2014   0.08685
   117/299     10.2G   0.01808  0.003344    0.0105   0.03193        19       640    0.4166    0.2189    0.1949    0.1155   0.05554     0.202   0.08746
   118/299     10.2G   0.01794  0.003331   0.01037   0.03164        16       640    0.4158    0.2179    0.1938    0.1146   0.05563    0.2021   0.08778
   119/299     10.2G   0.01798  0.003368   0.01108   0.03243        25       640    0.4043     0.222    0.1946    0.1148   0.05565    0.2018   0.08742
   120/299     10.2G   0.01769   0.00334  0.009945   0.03097        20       640    0.4031    0.2235    0.1959    0.1155   0.05562    0.2011    0.0869
   121/299     10.2G   0.01817  0.003292   0.01038   0.03184        14       640    0.4042    0.2249    0.1971    0.1164   0.05562    0.2008   0.08659
   122/299     10.2G   0.01778  0.003364   0.01079   0.03194        16       640    0.4026     0.227    0.1988    0.1173   0.05558    0.2002   0.08592
   123/299     10.2G   0.01803  0.003329   0.01063   0.03199        20       640    0.4112    0.2258    0.1996    0.1176    0.0556    0.1995   0.08591
   124/299     10.2G   0.01791  0.003281   0.01035   0.03155        15       640    0.4221    0.2228    0.2004    0.1181   0.05561    0.1991   0.08593
   125/299     10.2G   0.01798   0.00338   0.01154    0.0329        16       640    0.4092    0.2304    0.2027    0.1196    0.0554    0.1985   0.08609
   126/299     10.2G   0.01792  0.003322   0.01057   0.03181        24       640    0.4382    0.2212    0.2027    0.1196   0.05534    0.1987   0.08627
   127/299     10.2G   0.01807  0.003373   0.01146   0.03291        24       640    0.4485    0.2177    0.2025    0.1195   0.05529    0.1986   0.08649
   128/299     10.2G   0.01787  0.003296    0.0103   0.03146        19       640    0.4219    0.2276    0.2038    0.1204   0.05515     0.198   0.08666
   129/299     10.2G   0.01821  0.003362   0.01132   0.03289        16       640    0.4067    0.2334    0.2044    0.1208   0.05507    0.1976   0.08678
   130/299     10.2G   0.01826  0.003313     0.011   0.03258        17       640    0.4212    0.2293    0.2056    0.1216   0.05505    0.1972   0.08626
   131/299     10.2G   0.01826  0.003321   0.01123   0.03281        21       640    0.4394    0.2248    0.2061    0.1218   0.05501    0.1972   0.08605
   132/299     10.2G   0.01811  0.003297   0.01093   0.03234        21       640    0.4226    0.2318    0.2074    0.1226   0.05497     0.197   0.08577
   133/299     10.2G   0.01779  0.003262   0.01036   0.03141        21       640    0.4239    0.2325    0.2081    0.1232   0.05491    0.1964    0.0859
   134/299     10.2G   0.01791  0.003259   0.01015   0.03132        20       640    0.4108    0.2381    0.2081    0.1229   0.05491    0.1963   0.08588
   135/299     10.2G   0.01795  0.003244  0.009761   0.03096        20       640    0.4184    0.2388    0.2124    0.1255   0.05469    0.1943   0.08521
   136/299     10.2G   0.01802  0.003259   0.01093   0.03221        15       640    0.4339    0.2394    0.2181    0.1294   0.05445    0.1915   0.08436
   137/299     10.2G   0.01787  0.003238   0.01029   0.03139        21       640    0.4295    0.2438    0.2201     0.131   0.05437    0.1911   0.08384
   138/299     10.2G   0.01771  0.003273   0.01017   0.03116        20       640    0.4311    0.2443      0.22    0.1309   0.05443    0.1916   0.08354
   139/299     10.2G   0.01795  0.003231   0.01053    0.0317        19       640    0.4393    0.2424    0.2208    0.1311   0.05444    0.1915    0.0835
   140/299     10.2G   0.01759  0.003254   0.01063   0.03147        16       640    0.4473    0.2401    0.2208    0.1307   0.05443    0.1913   0.08391
   141/299     10.2G   0.01745  0.003213  0.009798   0.03046        19       640    0.4521     0.239    0.2216     0.131   0.05443    0.1913   0.08386
   142/299     10.2G   0.01733  0.003206  0.009759    0.0303        17       640    0.4556    0.2383    0.2226    0.1318   0.05434    0.1914   0.08372
   143/299     10.2G   0.01742  0.003203   0.01018   0.03081        24       640     0.444     0.243    0.2232    0.1323   0.05429    0.1914    0.0842
   144/299     10.2G   0.01765  0.003202  0.009976   0.03083        19       640     0.463    0.2351    0.2216    0.1315   0.05435     0.192   0.08471
   145/299     10.2G   0.01739  0.003186  0.009965   0.03054        16       640    0.4379    0.2433    0.2212    0.1313   0.05439    0.1921   0.08527
   146/299     10.2G    0.0175   0.00316  0.009451   0.03011        22       640    0.4577    0.2377    0.2221    0.1319   0.05435    0.1918   0.08565
   147/299     10.2G   0.01782  0.003179   0.01046   0.03145        17       640    0.4765    0.2325    0.2225    0.1323   0.05427    0.1917   0.08611
   148/299     10.2G    0.0173  0.003189   0.00998   0.03047        24       640    0.4656    0.2358     0.222    0.1321   0.05429    0.1921   0.08628
   149/299     10.2G   0.01718  0.003172  0.009859   0.03021        15       640    0.4539    0.2385    0.2219     0.132   0.05433    0.1924   0.08654
   150/299     10.2G   0.01733  0.003177   0.01002   0.03053        25       640    0.4643    0.2362    0.2225    0.1328   0.05427    0.1924   0.08673
   151/299     10.2G   0.01722  0.003146  0.009586   0.02995        17       640    0.4603    0.2383    0.2231    0.1331   0.05417    0.1918   0.08698
   152/299     10.2G   0.01727  0.003173   0.01009   0.03053        20       640    0.4645    0.2379    0.2247    0.1343   0.05399     0.191    0.0874
   153/299     10.2G   0.01728  0.003155   0.01021   0.03064        15       640    0.4622    0.2377    0.2242    0.1343   0.05401    0.1916   0.08754
   154/299     10.2G   0.01709   0.00313  0.009581    0.0298        12       640    0.4476    0.2429    0.2245    0.1344   0.05405    0.1918   0.08723
   155/299     10.2G   0.01719  0.003114   0.00958   0.02988        18       640    0.4418    0.2439    0.2235    0.1335   0.05414    0.1922   0.08715
   156/299     10.2G   0.01732  0.003131   0.01012   0.03057        17       640    0.4443    0.2414     0.222    0.1325   0.05419    0.1928   0.08754
   157/299     10.2G   0.01703  0.003131  0.009281   0.02944        14       640    0.4483    0.2394    0.2213    0.1321    0.0542    0.1933   0.08751
   158/299     10.2G   0.01703  0.003099  0.009484   0.02961        19       640    0.4514    0.2366    0.2199    0.1311   0.05429    0.1943   0.08752
   159/299     10.2G   0.01684   0.00308  0.009383    0.0293        17       640     0.435    0.2437    0.2208    0.1316   0.05423    0.1943   0.08754
   160/299     10.2G   0.01703   0.00315   0.01042   0.03059        23       640    0.4376    0.2426    0.2208    0.1315   0.05423    0.1945   0.08734
   161/299     10.2G    0.0167  0.003039  0.008708   0.02845        22       640    0.4397    0.2402    0.2197    0.1307   0.05428    0.1947   0.08755
   162/299     10.2G   0.01669  0.003094   0.00916   0.02895        19       640     0.456    0.2353    0.2206    0.1312   0.05428    0.1942   0.08725
   163/299     10.2G   0.01677  0.003021  0.008586   0.02838        13       640    0.4439    0.2412    0.2217    0.1321   0.05425    0.1944   0.08694
   164/299     10.2G   0.01681  0.003058  0.009416   0.02928        24       640    0.4563    0.2384    0.2229    0.1326   0.05424    0.1942   0.08688
   165/299     10.2G   0.01714   0.00311  0.009885   0.03014        17       640    0.4517    0.2416    0.2233     0.133    0.0542     0.194   0.08655
   166/299     10.2G   0.01654  0.003063  0.009029   0.02863        20       640    0.4444    0.2428    0.2234     0.133   0.05424    0.1941   0.08628
   167/299     10.2G   0.01637   0.00303  0.008224   0.02763        15       640      0.45    0.2412    0.2238    0.1331   0.05419    0.1936   0.08606
   168/299     10.2G   0.01666  0.003045  0.009147   0.02885        13       640    0.4477    0.2424    0.2244    0.1335   0.05417    0.1939   0.08583
   169/299     10.2G   0.01658   0.00302   0.00857   0.02817        21       640    0.4761    0.2345    0.2248    0.1334   0.05422    0.1939    0.0855
   170/299     10.2G   0.01647  0.003017   0.00857   0.02806        24       640    0.4722    0.2348    0.2247     0.133   0.05435    0.1943   0.08518
   171/299     10.2G    0.0163  0.002986  0.008352   0.02764        21       640    0.4492    0.2444    0.2272    0.1343   0.05419    0.1934   0.08495
   172/299     10.2G   0.01636  0.003045  0.008994    0.0284        23       640    0.4596    0.2437    0.2295    0.1356   0.05407    0.1925   0.08438
   173/299     10.2G   0.01622  0.003064  0.009295   0.02858        18       640    0.4534    0.2437     0.228    0.1346   0.05423    0.1933   0.08424
   174/299     10.2G   0.01623  0.002993  0.008641   0.02786        13       640    0.4468    0.2448    0.2271    0.1342   0.05431     0.194   0.08422
   175/299     10.2G   0.01631  0.003019  0.009137   0.02846        22       640    0.4437    0.2458    0.2267    0.1339   0.05435    0.1944   0.08412
   176/299     10.2G   0.01622  0.002968  0.008453   0.02764        15       640    0.4363     0.247    0.2254     0.133   0.05443    0.1954   0.08357
   177/299     10.2G   0.01602  0.002959  0.008508   0.02749        16       640    0.4425    0.2448    0.2254    0.1328   0.05443    0.1957   0.08328
   178/299     10.2G   0.01596  0.002985  0.008761    0.0277        13       640    0.4341    0.2477    0.2251    0.1324   0.05449    0.1959   0.08335
   179/299     10.2G   0.01588  0.002933  0.008004   0.02682        15       640    0.4405    0.2443    0.2244    0.1319   0.05462    0.1966   0.08334
   180/299     10.2G   0.01593  0.002933  0.007855   0.02671        23       640    0.4653    0.2371    0.2245    0.1321   0.05465    0.1969   0.08308
   181/299     10.2G   0.01603  0.002954  0.008515    0.0275        15       640    0.4635    0.2374    0.2244    0.1318   0.05467    0.1969   0.08285
   182/299     10.2G   0.01581  0.002917  0.008194   0.02692        12       640    0.4426    0.2431    0.2234    0.1313   0.05471    0.1971   0.08267
   183/299     10.2G   0.01572  0.002955  0.008232   0.02691        25       640    0.4625    0.2366    0.2238    0.1313   0.05467    0.1971   0.08258
   184/299     0.83G   0.01575  0.002897  0.007963   0.02661        24       640    0.4684    0.2345    0.2225    0.1304   0.05469    0.1978   0.08287
   185/299     8.03G   0.01573  0.002944  0.008317   0.02699        22       640    0.4443    0.2422    0.2225    0.1306    0.0546    0.1983   0.08288
   186/299       11G   0.01566    0.0029  0.007541    0.0261        18       640    0.4493    0.2407    0.2229    0.1308   0.05454    0.1985   0.08294
   187/299       11G   0.01562  0.002884  0.007758   0.02626        18       640    0.4558    0.2373    0.2223    0.1305   0.05448    0.1988   0.08321
   188/299       11G   0.01554  0.002854   0.00734   0.02574        12       640    0.4795    0.2334    0.2248     0.132   0.05429    0.1978   0.08313
   189/299       11G   0.01542  0.002901  0.007941   0.02626        23       640    0.4474    0.2461    0.2268     0.133   0.05411    0.1968    0.0827
   190/299       11G    0.0155  0.002833  0.007485   0.02582        15       640    0.4709    0.2388    0.2274    0.1331   0.05402    0.1965   0.08246
   191/299       11G   0.01531  0.002855  0.007713   0.02587        17       640    0.4627    0.2428    0.2286    0.1339    0.0539     0.196   0.08193
   192/299       11G   0.01534  0.002837  0.007335   0.02552        26       640    0.4729    0.2403    0.2284    0.1337   0.05381     0.196   0.08193
   193/299       11G   0.01558  0.002845  0.007799   0.02623        20       640    0.4684     0.242    0.2297    0.1348    0.0537    0.1955   0.08177
   194/299       11G   0.01523  0.002806   0.00751   0.02555        24       640    0.4751    0.2386    0.2279    0.1335   0.05379    0.1959   0.08177
   195/299       11G   0.01521  0.002838  0.007457   0.02551        17       640    0.4607    0.2425     0.227    0.1332   0.05384    0.1965   0.08199
   196/299       11G   0.01493   0.00276  0.006668   0.02436        15       640    0.4647    0.2402    0.2263    0.1327   0.05384    0.1971   0.08203
   197/299       11G   0.01514  0.002789  0.007336   0.02526        18       640    0.4663    0.2382    0.2253     0.132   0.05392    0.1978   0.08199
   198/299       11G   0.01491  0.002804  0.007356   0.02507        16       640    0.4614     0.238    0.2239    0.1312   0.05399    0.1983   0.08218
   199/299       11G   0.01502  0.002807  0.007155   0.02498        20       640    0.4605    0.2394    0.2247    0.1317   0.05392    0.1984   0.08216
   200/299       11G   0.01493  0.002786  0.007101   0.02482        19       640    0.4653    0.2391    0.2254    0.1323   0.05379    0.1984   0.08225
   201/299       11G   0.01487  0.002748  0.006771   0.02439        18       640    0.4739    0.2388    0.2276    0.1337   0.05361    0.1976   0.08235
   202/299       11G   0.01464  0.002707  0.006313   0.02366        14       640    0.4617    0.2442     0.229    0.1345   0.05352    0.1969    0.0825
   203/299       11G   0.01476  0.002773  0.007252   0.02478        24       640    0.4692    0.2419    0.2285    0.1341   0.05352    0.1969   0.08272
   204/299       11G   0.01478   0.00277  0.006887   0.02444        17       640    0.4694    0.2416    0.2278    0.1336   0.05356    0.1972   0.08272
   205/299       11G    0.0147   0.00273  0.006714   0.02414        24       640    0.4679    0.2411    0.2271    0.1331   0.05361    0.1975   0.08283
   206/299       11G    0.0147  0.002712  0.006591   0.02401        19       640    0.4742    0.2387    0.2272     0.133   0.05359    0.1976   0.08278
   207/299       11G   0.01448  0.002731  0.006777   0.02399        30       640    0.4586    0.2447    0.2282    0.1336   0.05349    0.1973   0.08288
   208/299       11G   0.01452    0.0027  0.006444   0.02367        19       640    0.4579    0.2426    0.2266    0.1326   0.05354    0.1981   0.08332
   209/299       11G   0.01432  0.002719  0.006644   0.02368        19       640    0.4611    0.2405    0.2256    0.1319   0.05357    0.1988   0.08346
   210/299       11G   0.01455  0.002651  0.006225   0.02342        19       640    0.4336    0.2484    0.2246    0.1313    0.0536    0.1994   0.08343
   211/299       11G   0.01435    0.0027  0.006444   0.02349        23       640    0.4609    0.2398    0.2236    0.1307   0.05365    0.2002   0.08342
   212/299       11G   0.01424  0.002677  0.006481    0.0234        23       640    0.4423     0.246    0.2241    0.1309   0.05365    0.2002   0.08308
   213/299       11G    0.0141  0.002663  0.005995   0.02276        18       640    0.4465    0.2433    0.2232    0.1302   0.05371    0.2003   0.08292
   214/299       11G    0.0143  0.002654  0.006337    0.0233        19       640    0.4276    0.2483    0.2228    0.1301   0.05369    0.2002   0.08306
   215/299       11G   0.01392  0.002643  0.005976   0.02254        16       640    0.4256    0.2483    0.2226    0.1299    0.0537    0.2005   0.08303
   216/299       11G   0.01406    0.0026  0.005696   0.02236        18       640    0.4461    0.2418    0.2234    0.1304   0.05361    0.2005   0.08273
   217/299       11G   0.01391  0.002627  0.005787   0.02232        18       640    0.4313    0.2473    0.2235    0.1305   0.05357    0.2007    0.0825
   218/299       11G   0.01379  0.002578  0.005587   0.02196        22       640    0.4534    0.2407     0.224    0.1307   0.05358    0.2007   0.08221
   219/299       11G   0.01384  0.002612  0.005768   0.02222        19       640      0.45    0.2417     0.224    0.1308   0.05356    0.2013   0.08194
   220/299       11G    0.0138  0.002606  0.005692   0.02209        16       640    0.4502    0.2405     0.223      0.13   0.05361    0.2018   0.08187
   221/299       11G   0.01386  0.002611  0.005672   0.02214        17       640    0.4567    0.2409    0.2235    0.1301   0.05358    0.2019    0.0816
   222/299       11G   0.01367  0.002569  0.005167   0.02141        23       640    0.4548     0.241    0.2231    0.1297   0.05359     0.202    0.0815
   223/299       11G    0.0138  0.002573   0.00558   0.02195        21       640    0.4416    0.2447    0.2243    0.1302   0.05348    0.2019   0.08158
   224/299       11G   0.01364  0.002572  0.005566   0.02178        17       640    0.4353    0.2478    0.2248    0.1303   0.05337    0.2018   0.08173
   225/299       11G   0.01351  0.002557  0.005067   0.02113        30       640    0.4544    0.2425    0.2259    0.1307   0.05323    0.2015   0.08185
   226/299       11G   0.01327  0.002533  0.004746   0.02055        12       640    0.4578    0.2435    0.2271    0.1312   0.05311    0.2008   0.08207
   227/299       11G   0.01341  0.002523  0.005086   0.02102        22       640      0.43    0.2518    0.2268    0.1307    0.0531    0.2008   0.08242
   228/299       11G   0.01341  0.002507  0.004978    0.0209        16       640    0.4719    0.2402    0.2273    0.1308   0.05305    0.2003   0.08282
   229/299       11G   0.01328  0.002502  0.005006   0.02079        21       640    0.4729    0.2408    0.2278    0.1309   0.05302    0.1997    0.0829
   230/299       11G   0.01343  0.002486   0.00502   0.02093        21       640    0.4567    0.2444    0.2273    0.1305   0.05303    0.1999   0.08314
   231/299       11G   0.01305  0.002482  0.004616   0.02015        27       640    0.4835    0.2373    0.2282    0.1308   0.05299    0.1997   0.08331
   232/299       11G   0.01316  0.002472  0.004879   0.02051        16       640    0.4738    0.2405    0.2281    0.1305   0.05299    0.1997   0.08369
   233/299       11G   0.01304  0.002506  0.004783   0.02033        23       640    0.4739    0.2406    0.2283    0.1305   0.05298    0.1997   0.08397
   234/299       11G   0.01298  0.002465  0.004821   0.02026        15       640    0.4974    0.2349    0.2287    0.1306   0.05295    0.1996   0.08431
   235/299       11G    0.0129  0.002458  0.004691   0.02005        19       640    0.4909    0.2351    0.2275    0.1297   0.05305    0.2001   0.08446
   236/299       11G   0.01286  0.002463  0.004936   0.02026        20       640    0.4788    0.2378    0.2267    0.1289   0.05313    0.2003    0.0848
   237/299       11G   0.01291  0.002442  0.004473   0.01983        21       640    0.4831    0.2376    0.2277    0.1293   0.05311    0.1998   0.08489
   238/299       11G   0.01304  0.002437  0.004904   0.02038        21       640    0.4913    0.2349    0.2277    0.1293   0.05309    0.2002    0.0851
   239/299       11G   0.01272   0.00241  0.004217   0.01934        21       640    0.4626    0.2456    0.2296    0.1302   0.05296    0.1991   0.08524
   240/299       11G   0.01268  0.002404  0.004159   0.01924        18       640    0.4525    0.2491    0.2299    0.1302   0.05291    0.1987   0.08549
   241/299       11G   0.01268  0.002395  0.004194   0.01927        21       640    0.4621    0.2447    0.2289    0.1297   0.05292    0.1991   0.08577
   242/299       11G   0.01257  0.002398  0.004399   0.01936        12       640    0.4427    0.2503    0.2285    0.1294   0.05291    0.1987   0.08639
   243/299       11G   0.01268  0.002397  0.004539   0.01962        11       640    0.4478    0.2487     0.229    0.1294   0.05289    0.1987    0.0869
   244/299       11G    0.0125  0.002368  0.004091   0.01896        16       640    0.4512    0.2475    0.2289    0.1291   0.05289    0.1985   0.08726
   245/299       11G   0.01236  0.002357  0.003812   0.01853        17       640    0.4571     0.244    0.2278    0.1282   0.05295    0.1988   0.08786
   246/299       11G   0.01237  0.002365  0.003853   0.01858        13       640    0.4631    0.2434    0.2278    0.1282   0.05297    0.1986   0.08825
   247/299       11G   0.01243  0.002368  0.003869   0.01867        16       640    0.4566    0.2461    0.2281    0.1281   0.05298    0.1982   0.08869
   248/299       11G   0.01245  0.002364  0.003998   0.01881        19       640    0.4687    0.2428    0.2293    0.1285   0.05302    0.1975   0.08892
   249/299       11G   0.01222  0.002359  0.003982   0.01856        17       640    0.4729    0.2426    0.2299    0.1288   0.05305    0.1975   0.08893
   250/299       11G    0.0122  0.002327  0.003769   0.01829        18       640    0.4711    0.2443    0.2315    0.1296   0.05303    0.1972   0.08889
   251/299       11G   0.01213   0.00234  0.003898   0.01837        15       640    0.4685    0.2456    0.2324    0.1301   0.05299    0.1967   0.08912
   252/299       11G   0.01211  0.002316  0.003578     0.018        19       640    0.4809    0.2418    0.2323    0.1298   0.05299    0.1965   0.08952
   253/299       11G   0.01207  0.002311   0.00359   0.01797        17       640    0.4732    0.2451    0.2336    0.1305   0.05291    0.1959   0.08987
   254/299       11G   0.01187  0.002286  0.003436   0.01759        25       640    0.4766     0.244    0.2339    0.1307   0.05283    0.1956    0.0901
   255/299       11G   0.01187  0.002292  0.003295   0.01746        21       640    0.4647    0.2495    0.2354    0.1315   0.05275     0.195   0.09018
   256/299       11G   0.01195  0.002283   0.00356   0.01779        12       640    0.4696    0.2488    0.2358    0.1318   0.05268    0.1948   0.09061
   257/299       11G   0.01178  0.002278  0.003253   0.01731        16       640    0.4713    0.2491    0.2367    0.1321   0.05262    0.1943   0.09052
   258/299       11G   0.01181  0.002268  0.003246   0.01732        31       640    0.4769    0.2468     0.236    0.1315   0.05263    0.1946   0.09067
   259/299       11G   0.01177  0.002245  0.003244   0.01726        11       640    0.4632    0.2494    0.2346    0.1309   0.05267    0.1951   0.09077
   260/299       11G   0.01179  0.002243  0.003234   0.01727        32       640    0.4498    0.2513    0.2329    0.1299   0.05276    0.1958   0.09094
   261/299       11G   0.01167  0.002237  0.003068   0.01698        27       640    0.4513    0.2506    0.2325    0.1296   0.05276    0.1959   0.09093
   262/299       11G   0.01158  0.002241  0.003104   0.01693        11       640    0.4569     0.248    0.2321    0.1292   0.05276    0.1963   0.09115
   263/299       11G   0.01164  0.002247  0.002943   0.01683        22       640    0.4528    0.2485    0.2309    0.1282   0.05274    0.1967   0.09161
   264/299       11G   0.01159  0.002221  0.003011   0.01682        13       640    0.4642    0.2429    0.2297    0.1276   0.05275    0.1967   0.09188
   265/299       11G   0.01152  0.002213  0.003007   0.01674        17       640    0.4676    0.2418    0.2302     0.128   0.05272    0.1968   0.09163
   266/299       11G   0.01143   0.00221   0.00294   0.01658        19       640    0.4498    0.2465     0.229    0.1273   0.05279    0.1973    0.0917
   267/299       11G   0.01147  0.002199   0.00292   0.01659        16       640    0.4627    0.2398    0.2268    0.1261    0.0529    0.1981   0.09181
   268/299       11G   0.01141   0.00219  0.002925   0.01652        16       640    0.4598     0.237    0.2239    0.1242   0.05305    0.1989   0.09214
   269/299       11G   0.01136  0.002185  0.002826   0.01637        13       640    0.4603    0.2352    0.2222    0.1232   0.05315    0.2001   0.09219
   270/299       11G   0.01127  0.002172  0.002766   0.01621        14       640    0.4445    0.2378    0.2208    0.1225   0.05324    0.2007   0.09216
   271/299       11G   0.01121  0.002174  0.002549   0.01593        17       640    0.4515    0.2355    0.2215    0.1229   0.05322    0.2004    0.0918
   272/299       11G   0.01132  0.002173  0.002622   0.01611        21       640    0.4403     0.239    0.2216    0.1227   0.05324    0.2006    0.0916
   273/299       11G   0.01124  0.002157  0.002687   0.01608        22       640    0.4339    0.2392    0.2201    0.1218   0.05333    0.2012   0.09161
   274/299       11G   0.01113   0.00215  0.002715   0.01599        23       640    0.4219    0.2438    0.2202    0.1216   0.05334    0.2012   0.09148
   275/299       11G   0.01115  0.002175  0.002647   0.01597        21       640    0.4498    0.2344    0.2205    0.1216   0.05334     0.201   0.09119
   276/299       11G     0.011  0.002127  0.002445   0.01558        22       640     0.448     0.234    0.2196     0.121   0.05339    0.2013   0.09114
   277/299       11G   0.01106  0.002151  0.002562   0.01577        22       640     0.442    0.2367    0.2201    0.1209   0.05337    0.2006   0.09107
   278/299       11G   0.01098  0.002137  0.002668   0.01579        15       640    0.4499    0.2345    0.2208     0.121   0.05333    0.1999     0.091
   279/299       11G   0.01099  0.002123  0.002369   0.01548        22       640    0.4468    0.2358    0.2209    0.1209   0.05333    0.1996   0.09106
   280/299       11G   0.01088  0.002138  0.002328   0.01534        25       640    0.4558    0.2315      0.22    0.1201   0.05336    0.1997   0.09116
   281/299       11G   0.01096  0.002113  0.002514   0.01558        21       640    0.4552    0.2312    0.2195    0.1195   0.05334    0.1997   0.09139
   282/299       11G   0.01093  0.002121  0.002374   0.01543        17       640    0.4559    0.2309    0.2195    0.1192   0.05333    0.1994   0.09139
   283/299       11G   0.01097  0.002128  0.002362   0.01546        17       640    0.4527    0.2316    0.2195    0.1188   0.05332    0.1993   0.09145
   284/299       11G   0.01083  0.002119  0.002364   0.01531        12       640    0.4431    0.2349    0.2187    0.1182   0.05333    0.1995   0.09165
   285/299       11G   0.01075  0.002093  0.002273   0.01512        19       640    0.4469     0.233    0.2186     0.118   0.05333    0.1996   0.09178
   286/299       11G   0.01081  0.002113  0.002294   0.01521        16       640    0.4475    0.2329    0.2183    0.1179   0.05334    0.1998   0.09202
   287/299       11G   0.01072  0.002105  0.002191   0.01501        20       640    0.4441    0.2348    0.2184    0.1178   0.05332    0.1997   0.09229
   288/299       11G   0.01061  0.002081  0.002041   0.01473        32       640    0.4599    0.2304    0.2191    0.1181   0.05329    0.1993   0.09243
   289/299       11G   0.01071  0.002092  0.002182   0.01498        16       640    0.4466    0.2361    0.2202    0.1186   0.05324    0.1988   0.09247
   290/299       11G   0.01065  0.002099  0.002142   0.01489        26       640     0.452    0.2343    0.2204    0.1186   0.05324    0.1985   0.09246
   291/299       11G   0.01066  0.002095  0.002197   0.01495        29       640    0.4561    0.2329    0.2202    0.1185   0.05325    0.1984   0.09257
   292/299       11G   0.01072  0.002084  0.002254   0.01505        23       640    0.4478    0.2368    0.2211    0.1189    0.0532    0.1978   0.09257
   293/299       11G   0.01061   0.00208  0.002006   0.01469        18       640     0.455    0.2351    0.2216    0.1192   0.05318    0.1976   0.09255
   294/299       11G   0.01069  0.002085  0.002145   0.01492        28       640    0.4549    0.2349    0.2215    0.1191   0.05319    0.1977   0.09263
   295/299       11G   0.01069  0.002102  0.002178   0.01497        19       640    0.4474    0.2373    0.2217    0.1191   0.05317    0.1977   0.09259
   296/299       11G   0.01072  0.002074  0.002069   0.01487        25       640    0.4463    0.2381    0.2221    0.1192   0.05313    0.1974   0.09257
   297/299       11G   0.01065  0.002084  0.002217   0.01495        14       640    0.4496    0.2383    0.2234    0.1197   0.05302    0.1965   0.09265
   298/299       11G   0.01065   0.00207  0.002018   0.01474        22       640    0.4412    0.2402    0.2234    0.1196   0.05299    0.1961   0.09289
   299/299       11G   0.01054  0.002084  0.002033   0.01465        18       640    0.4403    0.2413    0.2235    0.1196   0.05295    0.1958   0.09309
